BRONX
----------------------------------------------------------------------------------------------------
2010
--------------------------------------------------
231
222
329
336
369
496
484
477
394
399
291
298

2011
--------------------------------------------------
222
277
366
386
427
437
422
443
420
367
279
312

2012
--------------------------------------------------
274
284
313
308
444
397
433
435
336
321
234
272

2013
--------------------------------------------------
307
276
343
332
351
416
467
530
545
530
378
275

2014
--------------------------------------------------
340
273
401
412
542
525
511
560
504
505
414
376

2015
--------------------------------------------------
402
298
433
493
550
653
1089
592
705
560
508
428

2016
--------------------------------------------------
438
511
416

BROOKLYN
----------------------------------------------------------------------------------------------------
2010
--------------------------------------------------
416
338
558
626
737
774
817
904
167
6
7
4

2011
--------------------------------------------------
14
10
8
20
6
77
317
83
675
577
450
391

2012
--------------------------------------------------
453
403
521
547
701
765
847
839
659
588
395
434

2013
--------------------------------------------------
491
416
488
589
649
760
809
764
637
578
358
332

2014
--------------------------------------------------
325
373
446
627
799
807
938
847
766
746
531
463

2015
--------------------------------------------------
454
430
621
821
947
1047
1086
964
967
936
663
601

2016
--------------------------------------------------
566
554
506

MANHATTAN
----------------------------------------------------------------------------------------------------
2010
--------------------------------------------------
274
238
437
416
436
513
574
592
446
429
343
207

2011
--------------------------------------------------
243
257
371
409
459
433
376
455
455
321
300
268

2012
--------------------------------------------------
354
331
380
398
509
474
466
521
438
473
318
360

2013
--------------------------------------------------
388
350
403
490
504
498
536
488
468
449
355
267

2014
--------------------------------------------------
314
307
412
520
559
632
575
534
570
787
484
400

2015
--------------------------------------------------
383
294
449
579
700
551
735
671
750
766
557
528

2016
--------------------------------------------------
510
568
437

QUEENS
----------------------------------------------------------------------------------------------------
2010
--------------------------------------------------
267
182
293
369
367
503
515
515
372
320
244
203

2011
--------------------------------------------------
156
178
285
376
548
538
440
499
417
315
242
200

2012
--------------------------------------------------
236
224
283
272
343
449
438
520
398
274
181
196

2013
--------------------------------------------------
214
187
279
346
480
451
573
489
386
304
206
162

2014
--------------------------------------------------
192
176
275
311
399
508
507
508
403
367
235
216

2015
--------------------------------------------------
212
212
346
366
449
504
621
551
489
414
292
293

2016
--------------------------------------------------
269
370
246

STATEN ISLAND
----------------------------------------------------------------------------------------------------
2010
--------------------------------------------------
68
34
78
110
176
192
218
189
126
100
82
39

2011
--------------------------------------------------
29
46
103
106
154
212
132
140
136
98
64
41

2012
--------------------------------------------------
46
85
78
89
159
177
171
186
118
85
44
49

2013
--------------------------------------------------
76
69
111
139
149
187
192
192
128
109
59
40

2014
--------------------------------------------------
42
47
97
110
163
195
157
161
116
115
38
51

2015
--------------------------------------------------
43
44
83
113
143
179
211
180
143
102
61
67

2016
--------------------------------------------------
55
66
64

