BRONX
----------------------------------------------------------------------------------------------------
2010
--------------------------------------------------
82
84
83
86
82
83
77
42
40
49
50
58

2011
--------------------------------------------------
64
79
82
65
62
49
41
40
34
41
28
36

2012
--------------------------------------------------
56
64
66
40
44
44
49
39
34
41
46
45

2013
--------------------------------------------------
41
42
51
68
54
51
54
50
48
24
52
29

2014
--------------------------------------------------
37
50
67
48
51
51
59
38
50
49
48
41

2015
--------------------------------------------------
48
43
72
67
53
52
47
48
54
49
45
56

2016
--------------------------------------------------
56
46
44

BROOKLYN
----------------------------------------------------------------------------------------------------
2010
--------------------------------------------------
146
119
165
125
148
141
147
107
100
123
120
104

2011
--------------------------------------------------
144
122
124
121
99
92
91
70
100
91
80
112

2012
--------------------------------------------------
130
102
115
106
91
85
93
70
69
81
117
118

2013
--------------------------------------------------
125
119
113
98
139
103
113
85
93
75
93
99

2014
--------------------------------------------------
128
143
131
111
120
103
107
94
102
84
86
124

2015
--------------------------------------------------
112
109
121
124
118
120
111
104
107
103
131
92

2016
--------------------------------------------------
91
99
92

MANHATTAN
----------------------------------------------------------------------------------------------------
2010
--------------------------------------------------
188
189
198
176
164
147
179
119
117
136
149
129

2011
--------------------------------------------------
131
132
194
119
119
106
112
104
120
116
123
140

2012
--------------------------------------------------
126
160
155
133
121
125
149
130
100
110
121
202

2013
--------------------------------------------------
147
162
166
140
161
143
154
128
176
136
150
150

2014
--------------------------------------------------
123
172
229
237
268
231
188
156
125
157
183
190

2015
--------------------------------------------------
176
189
203
198
164
169
147
143
148
159
158
131

2016
--------------------------------------------------
151
185
139

QUEENS
----------------------------------------------------------------------------------------------------
2010
--------------------------------------------------
64
65
86
69
84
67
80
53
77
66
65
70

2011
--------------------------------------------------
68
43
71
47
47
56
52
37
45
70
51
57

2012
--------------------------------------------------
52
53
62
55
57
49
53
62
36
56
59
71

2013
--------------------------------------------------
58
56
77
61
67
46
73
68
52
44
55
58

2014
--------------------------------------------------
48
65
59
63
48
54
64
49
48
62
63
53

2015
--------------------------------------------------
67
53
82
63
53
45
81
79
56
46
66
59

2016
--------------------------------------------------
64
60
44

STATEN ISLAND
----------------------------------------------------------------------------------------------------
2010
--------------------------------------------------
7
13
10
12
12
9
12
4
8
10
10
7

2011
--------------------------------------------------
12
10
11
11
9
7
7
12
13
11
7
4

2012
--------------------------------------------------
4
4
7
3
8
6
7
5
13
5
11
11

2013
--------------------------------------------------
8
3
8
21
11
6
6
5
4
12
2
3

2014
--------------------------------------------------
7
1
12
8
9
6
9
11
6
5
7
3

2015
--------------------------------------------------
6
5
6
2
9
12
9
11
9
10
7
10

2016
--------------------------------------------------
12
11
7

