BRONX
----------------------------------------------------------------------------------------------------
2010
--------------------------------------------------
26
24
21
27
27
33
33
30
31
17
13
22

2011
--------------------------------------------------
21
19
19
16
22
27
17
29
22
14
15
18

2012
--------------------------------------------------
27
22
29
27
22
25
24
31
20
14
13
18

2013
--------------------------------------------------
23
18
22
22
19
26
21
21
17
13
23
22

2014
--------------------------------------------------
24
15
21
28
28
17
24
28
31
23
21
20

2015
--------------------------------------------------
26
27
34
17
25
22
40
38
20
22
9
31

2016
--------------------------------------------------
38
31
22

BROOKLYN
----------------------------------------------------------------------------------------------------
2010
--------------------------------------------------
60
73
60
54
59
57
57
64
52
59
58
45

2011
--------------------------------------------------
32
64
50
57
55
57
45
29
35
40
38
47

2012
--------------------------------------------------
56
53
47
46
55
44
51
65
43
33
39
33

2013
--------------------------------------------------
51
46
53
58
66
58
66
43
52
35
50
66

2014
--------------------------------------------------
31
37
51
45
48
53
67
42
56
52
59
44

2015
--------------------------------------------------
49
42
50
63
55
43
55
65
59
47
47
60

2016
--------------------------------------------------
59
62
41

MANHATTAN
----------------------------------------------------------------------------------------------------
2010
--------------------------------------------------
112
76
87
79
79
75
89
87
55
64
73
81

2011
--------------------------------------------------
71
80
100
84
73
93
85
68
56
73
78
105

2012
--------------------------------------------------
123
91
110
88
84
94
79
84
69
72
70
109

2013
--------------------------------------------------
111
90
95
96
106
74
75
94
65
70
68
94

2014
--------------------------------------------------
92
79
83
112
89
102
92
86
89
101
81
103

2015
--------------------------------------------------
89
118
117
93
94
85
78
120
93
82
103
128

2016
--------------------------------------------------
139
147
105

QUEENS
----------------------------------------------------------------------------------------------------
2010
--------------------------------------------------
47
47
57
39
45
44
52
57
53
26
31
47

2011
--------------------------------------------------
49
29
36
51
46
63
46
46
28
39
36
40

2012
--------------------------------------------------
37
53
43
41
41
43
67
48
35
33
32
46

2013
--------------------------------------------------
52
57
37
48
36
51
55
59
36
28
33
37

2014
--------------------------------------------------
32
50
57
36
37
49
46
43
56
43
36
37

2015
--------------------------------------------------
48
34
58
41
44
49
60
58
42
37
36
52

2016
--------------------------------------------------
55
62
46

STATEN ISLAND
----------------------------------------------------------------------------------------------------
2010
--------------------------------------------------
10
12
17
6
9
20
6
4
13
35
4
8

2011
--------------------------------------------------
10
6
10
12
14
6
8
6
18
11
9
4

2012
--------------------------------------------------
5
8
10
7
4
10
6
14
14
6
4
8

2013
--------------------------------------------------
9
7
13
9
10
13
3
12
2
6
2
8

2014
--------------------------------------------------
9
4
6
10
6
6
6
8
6
8
12
11

2015
--------------------------------------------------
7
6
8
9
8
6
15
13
12
9
10
18

2016
--------------------------------------------------
6
9
10

