BRONX
----------------------------------------------------------------------------------------------------
2010
--------------------------------------------------
6
4
7
8
5
9
11
10
7
5
9
3

2011
--------------------------------------------------
13
8
11
10
4
12
19
8
8
10
3
3

2012
--------------------------------------------------
11
12
11
15
26
16
5
9
7
19
12
7

2013
--------------------------------------------------
22
9
5
12
11
7
14
10
12
13
7
6

2014
--------------------------------------------------
18
7
8
17
12
26
16
10
13
8
5
8

2015
--------------------------------------------------
9
11
8
9
12
20
39
20
24
25
6
10

2016
--------------------------------------------------
12
13
19
9

BROOKLYN
----------------------------------------------------------------------------------------------------
2010
--------------------------------------------------
16
8
17
13
28
22
16
22
34
21
21
26

2011
--------------------------------------------------
19
19
29
24
16
26
12
15
19
16
19
11

2012
--------------------------------------------------
19
15
18
8
35
28
15
14
29
34
36
35

2013
--------------------------------------------------
32
34
27
36
37
24
23
19
16
32
27
19

2014
--------------------------------------------------
19
20
27
39
25
40
20
23
20
26
13
27

2015
--------------------------------------------------
21
29
25
36
27
31
32
36
27
11
23
43

2016
--------------------------------------------------
40
36
41
13

MANHATTAN
----------------------------------------------------------------------------------------------------
2010
--------------------------------------------------
12
6
18
14
13
27
18
18
21
23
17
7

2011
--------------------------------------------------
12
16
7
12
9
10
9
10
7
9
10
8

2012
--------------------------------------------------
22
18
7
10
36
20
12
17
21
24
25
25

2013
--------------------------------------------------
18
26
25
27
18
24
26
16
19
30
24
13

2014
--------------------------------------------------
31
27
36
23
14
18
28
26
19
18
14
23

2015
--------------------------------------------------
23
23
13
16
29
30
31
35
27
23
25
18

2016
--------------------------------------------------
27
37
38
13

QUEENS
----------------------------------------------------------------------------------------------------
2010
--------------------------------------------------
16
14
21
17
26
38
27
23
24
36
21
17

2011
--------------------------------------------------
15
10
41
29
28
38
27
24
21
18
27
16

2012
--------------------------------------------------
40
23
26
19
26
22
11
19
28
26
57
32

2013
--------------------------------------------------
35
18
23
60
34
34
38
22
34
15
21
18

2014
--------------------------------------------------
23
29
25
26
22
26
36
25
38
22
30
25

2015
--------------------------------------------------
18
17
23
27
17
28
28
39
28
23
26
22

2016
--------------------------------------------------
18
28
38
12

STATEN ISLAND
----------------------------------------------------------------------------------------------------
2010
--------------------------------------------------
10
4
4
4
5
5
9
8
10
9
5
7

2011
--------------------------------------------------
7
6
14
18
8
11
7
8
4
7
10
5

2012
--------------------------------------------------
11
6
3
7
10
8
13
10
3
3
8
3

2013
--------------------------------------------------
8
6
10
18
12
10
9
7
4
8
6
7

2014
--------------------------------------------------
5
12
13
10
9
10
11
20
13
18
11
3

2015
--------------------------------------------------
3
7
12
6
9
16
14
10
7
11
8
7

2016
--------------------------------------------------
12
6
7
7

