BRONX
----------------------------------------------------------------------------------------------------
2014
--------------------------------------------------
2856
4405

2015
--------------------------------------------------
4072
3944
4933
4466
4244
4731
4642
4783
5629
5392
4800
5889

2016
--------------------------------------------------
4841
5373
2457

BROOKLYN
----------------------------------------------------------------------------------------------------
2014
--------------------------------------------------
3170
5030

2015
--------------------------------------------------
4991
4804
5900
5402
4411
4199
4255
4126
5089
4853
4576
5258

2016
--------------------------------------------------
4795
5942
2919

MANHATTAN
----------------------------------------------------------------------------------------------------
2014
--------------------------------------------------
1634
2329

2015
--------------------------------------------------
2547
2327
2491
2569
2436
2458
2524
2803
2984
3099
2916
3251

2016
--------------------------------------------------
2397
3132
1477

QUEENS
----------------------------------------------------------------------------------------------------
2014
--------------------------------------------------
2256
3334

2015
--------------------------------------------------
4614
5178
5319
4148
3923
3606
3811
3821
4513
4746
3637
4385

2016
--------------------------------------------------
3463
4112
2446

STATEN ISLAND
----------------------------------------------------------------------------------------------------
2014
--------------------------------------------------
285
422

2015
--------------------------------------------------
513
613
586
433
518
447
355
362
412
463
396
544

2016
--------------------------------------------------
547
484
255

